20
54 11 41 75 59 25 21 70 26 34 5 83 50 98 79 1 93 34 37 34 
56 93 76 5 62 48 81 0 13 41 55 55 42 62 11 77 24 78 52 43 
96 73 40 13 75 72 18 10 17 32 12 95 69 31 40 88 85 90 97 89 
90 45 53 14 51 40 44 58 35 59 92 5 64 81 3 29 75 8 92 97 
49 56 61 27 67 41 29 40 13 74 1 77 15 83 13 92 24 1 92 59 
70 28 27 84 75 86 98 70 87 47 4 3 21 63 6 63 10 71 89 40 
64 42 19 13 91 4 18 32 50 5 75 39 3 22 98 47 84 48 71 64 
13 75 45 12 46 78 69 62 19 85 89 44 65 40 45 8 18 70 1 23 
32 72 52 87 70 63 1 3 23 27 0 69 15 65 28 43 47 88 43 37 
9 63 49 81 88 42 8 60 21 58 54 88 46 90 49 43 30 20 48 67 
36 83 35 26 85 38 53 29 24 48 23 59 57 66 44 55 18 26 11 25 
55 1 49 96 84 15 64 42 75 13 42 96 48 72 26 6 73 29 4 5 
26 12 75 93 65 36 36 41 14 94 56 52 36 38 82 55 15 31 30 41 
25 11 37 86 90 50 62 34 93 53 16 52 8 62 33 54 3 34 3 56 
48 24 17 13 9 28 0 80 18 58 50 55 61 64 3 76 43 9 2 61 
89 48 82 53 74 20 2 23 31 69 78 59 8 19 71 3 45 81 4 92 
85 13 98 89 22 38 37 10 61 34 8 61 59 93 15 69 37 69 58 0 
71 64 17 15 55 15 30 39 12 88 82 54 85 10 84 74 80 15 51 41 
15 79 10 98 73 88 77 32 56 89 13 8 41 90 23 63 28 84 78 0 
71 85 74 71 33 67 53 95 68 25 76 29 50 98 9 93 86 80 16 49 
