30
67 28 79 64 21 5 26 16 16 26 66 87 81 64 40 86 21 62 21 64 9 15 2 73 24 41 45 62 23 31 
6 68 18 2 7 7 81 12 36 30 14 9 84 56 90 93 96 52 54 45 8 48 91 12 31 14 39 58 22 4 
95 52 69 79 38 23 18 66 59 98 86 96 62 33 58 22 46 92 37 25 47 58 2 7 98 30 92 0 78 99 
52 48 82 40 15 75 62 67 36 97 18 97 28 51 16 30 49 25 58 29 20 40 60 47 62 55 75 92 61 54 
98 46 14 46 88 69 38 63 75 15 21 75 15 28 34 70 5 64 57 62 61 24 49 69 30 23 50 33 25 10 
37 36 37 78 93 36 14 64 91 49 35 5 37 4 37 23 64 70 8 68 81 85 52 73 52 94 76 26 96 72 
49 40 74 19 43 11 41 89 19 65 5 85 16 50 15 9 64 66 93 74 9 0 95 73 89 61 72 68 58 31 
68 26 10 22 74 79 10 52 82 91 95 64 74 64 2 55 60 74 72 21 22 47 77 89 5 95 94 50 43 54 
81 12 72 39 28 12 62 67 8 15 8 23 59 34 4 86 19 58 45 6 66 0 67 92 87 32 56 74 47 21 
83 22 31 76 83 48 23 82 18 76 20 11 82 56 90 25 24 86 77 69 43 34 77 68 68 91 96 83 28 27 
26 71 97 12 3 27 8 45 8 85 38 37 43 13 1 50 28 11 50 49 92 54 69 81 65 67 13 93 34 72 
72 30 1 42 77 77 70 2 64 81 90 23 37 23 79 95 69 27 42 10 82 58 26 87 70 28 51 58 13 60 
83 86 42 10 72 28 34 41 18 3 67 65 38 81 57 50 14 98 58 61 63 56 7 78 89 35 65 75 86 86 
33 60 30 48 28 92 33 40 66 35 10 99 37 92 82 28 52 69 44 94 8 52 47 32 35 8 64 97 43 49 
15 41 89 0 12 48 23 51 74 33 91 0 54 90 97 19 80 78 31 44 40 87 99 25 83 38 92 93 52 11 
60 34 40 97 85 29 40 5 91 92 10 49 78 79 71 77 73 93 20 97 26 76 90 82 78 59 18 89 59 49 
24 72 80 8 67 8 77 3 70 7 96 74 22 11 19 61 56 90 63 83 16 32 52 41 54 13 62 96 60 15 
4 99 36 80 98 32 87 84 40 17 6 70 41 82 49 23 58 5 21 95 96 16 78 78 79 58 77 50 7 29 
81 95 78 76 53 99 84 65 93 8 72 43 29 14 68 55 91 73 22 48 51 86 44 46 77 17 29 16 74 91 
69 12 46 93 91 15 49 57 40 52 36 51 87 26 62 55 83 94 80 97 65 65 13 61 78 78 78 40 11 47 
45 70 75 89 50 49 33 65 14 82 7 32 96 67 22 82 10 41 31 87 5 79 21 38 51 47 8 46 76 59 
89 22 66 86 55 28 14 60 53 77 48 3 61 31 82 55 97 6 52 21 96 81 21 55 47 24 18 35 76 74 
59 98 74 53 22 35 43 88 53 32 47 80 26 78 50 1 61 99 55 63 16 73 61 45 73 74 50 53 81 87 
99 10 43 65 72 29 81 12 76 81 47 90 71 5 72 32 89 20 65 31 58 93 6 78 48 6 71 66 96 97 
20 94 29 88 9 84 69 78 17 15 26 84 68 6 28 97 18 90 99 85 86 99 20 10 71 13 15 85 18 80 
31 67 87 44 86 7 60 27 74 31 52 71 68 93 85 37 11 4 77 6 68 22 13 0 42 37 38 88 55 89 
47 81 93 84 87 61 93 17 1 82 47 65 53 4 84 95 25 21 64 81 72 6 56 43 93 80 80 68 11 13 
68 51 16 79 68 40 31 33 79 63 59 53 36 95 65 74 20 35 80 76 55 25 71 8 59 56 2 32 5 40 
75 62 85 62 80 36 97 2 8 80 40 76 58 93 40 46 74 73 97 80 35 72 0 7 55 66 41 88 81 68 
15 96 25 9 12 36 55 62 43 42 21 22 12 48 18 68 17 14 50 90 35 59 69 95 3 40 79 99 5 91 
