50
8 86 37 3 23 1 41 45 30 94 0 93 54 94 4 42 24 69 81 43 27 1 2 23 38 61 34 1 5 0 32 56 36 10 17 93 77 92 10 90 8 75 89 69 91 39 35 6 39 73 
69 73 44 27 95 36 95 2 16 7 22 64 48 8 72 8 90 57 47 31 86 96 6 67 14 90 67 5 11 83 53 39 26 42 29 40 27 40 86 43 47 53 70 10 5 9 71 71 42 32 
42 20 25 81 18 88 51 52 57 65 75 30 51 2 50 88 47 72 90 19 17 93 60 56 92 93 99 32 49 73 43 33 44 56 86 25 64 0 32 22 45 53 9 95 47 8 19 34 36 23 
44 82 90 75 46 39 48 65 62 68 19 69 82 13 87 40 66 33 90 21 36 77 95 6 63 49 20 56 33 66 55 57 21 61 1 60 16 63 38 78 97 34 88 99 70 99 15 66 65 32 
74 78 37 0 48 93 58 57 71 58 82 17 65 6 20 12 4 2 97 36 43 16 78 6 24 15 73 60 78 36 19 8 88 82 21 16 23 12 86 70 66 42 68 58 76 62 46 81 53 4 
38 97 22 95 11 15 87 21 37 4 78 40 64 66 94 31 65 56 84 65 6 65 0 84 89 2 11 57 7 7 27 86 43 35 12 31 77 49 6 1 35 46 59 76 11 8 90 64 97 25 
7 83 15 77 94 80 55 68 34 83 11 16 3 48 0 41 60 73 23 89 32 23 87 78 39 3 37 90 63 77 1 3 13 30 14 99 98 3 98 17 90 68 74 92 48 6 84 48 26 67 
35 7 77 71 5 30 20 45 58 59 98 42 8 77 66 33 5 78 90 11 40 17 2 69 43 48 26 60 57 63 46 90 68 26 86 10 49 39 13 62 58 20 37 15 75 72 76 90 29 55 
10 77 84 75 35 76 40 48 29 90 33 67 37 23 45 3 94 86 34 52 75 41 25 1 55 4 78 91 33 60 25 26 25 90 89 7 35 47 19 83 14 28 13 48 26 40 27 9 66 65 
65 87 73 76 50 53 53 29 9 43 0 71 11 78 63 88 68 2 60 68 73 66 60 18 85 1 85 19 46 13 96 89 94 4 19 19 27 88 61 95 52 43 90 47 65 24 84 25 53 92 
10 97 97 5 12 56 56 30 31 34 1 71 38 56 65 36 69 24 86 72 2 52 71 80 25 80 8 99 37 67 28 12 31 84 93 58 40 87 88 77 59 59 30 30 76 40 38 91 60 76 
60 94 28 37 53 85 39 27 28 96 4 68 96 75 13 83 91 48 46 33 59 27 73 1 7 95 52 35 60 52 71 95 20 73 88 67 75 63 12 74 49 30 28 95 83 33 27 45 0 85 
90 72 38 71 93 96 73 61 8 16 0 39 27 97 72 78 89 72 93 58 99 78 66 10 42 95 67 77 54 54 92 2 26 94 45 74 48 83 44 81 75 70 47 18 98 67 94 72 67 38 
91 89 68 60 12 0 12 34 77 75 17 90 47 90 40 5 84 43 14 64 0 98 82 75 70 23 98 51 64 77 23 60 64 17 67 70 19 55 97 27 65 0 88 69 13 98 44 59 50 56 
5 10 28 13 20 82 32 66 87 31 64 1 80 85 2 73 53 94 27 88 54 2 66 68 47 71 37 33 12 62 20 1 55 85 86 17 41 63 48 32 67 53 46 13 94 7 75 66 29 82 
8 2 94 71 6 98 55 44 44 24 78 1 31 40 3 25 28 59 89 70 49 12 88 63 0 41 14 5 44 11 75 84 6 58 97 94 59 23 15 96 22 58 73 76 96 6 5 95 87 43 
41 39 88 39 77 72 52 96 82 71 85 29 84 47 68 39 99 15 22 42 12 7 31 48 54 71 90 9 58 25 27 68 64 55 5 89 7 55 96 23 41 49 34 84 26 86 11 22 69 58 
11 0 4 85 3 62 8 22 40 1 37 12 47 19 91 48 60 5 25 90 30 81 88 95 38 11 84 47 55 71 2 0 61 17 65 39 1 23 15 9 53 2 31 85 89 7 44 35 64 12 
27 84 55 95 85 49 38 55 15 41 56 9 19 27 62 48 79 43 31 51 51 96 98 79 38 6 91 1 13 81 51 69 86 77 42 41 55 35 58 99 61 80 74 84 38 13 56 93 73 71 
31 52 53 99 23 0 36 0 66 92 46 64 3 81 52 9 33 22 82 89 42 4 69 40 36 65 5 12 72 26 55 25 10 56 88 46 68 14 13 96 26 65 85 81 29 56 88 16 38 98 
15 99 22 33 68 29 43 16 28 61 90 24 41 47 47 19 81 82 89 5 3 49 90 91 68 45 17 45 67 70 38 86 25 2 82 95 28 55 96 20 41 13 46 78 27 3 24 86 86 65 
97 68 16 18 44 4 63 79 15 72 43 7 17 26 17 80 57 69 36 58 0 22 74 35 28 14 58 99 27 92 21 40 89 36 43 93 46 21 28 94 18 2 43 96 27 17 85 3 72 76 
85 11 66 54 54 42 43 0 50 66 9 34 98 0 82 16 85 93 53 24 21 48 11 75 43 3 23 16 23 85 3 12 17 84 69 7 66 4 84 81 65 72 30 60 87 15 45 93 21 42 
65 49 58 48 66 70 96 93 3 67 83 60 14 44 15 14 24 61 25 0 67 72 49 17 18 13 58 79 69 86 75 24 46 87 17 82 71 40 1 35 25 73 47 6 88 17 43 38 84 57 
39 94 60 31 53 65 37 90 71 27 97 60 84 91 99 91 40 90 6 13 98 23 90 62 25 21 95 46 78 54 1 23 13 98 46 87 78 12 18 82 84 14 56 19 58 27 30 1 26 92 
66 24 44 55 2 19 88 84 21 56 35 68 99 10 13 8 35 15 62 54 2 34 15 10 63 74 92 84 81 48 40 24 1 81 2 93 96 20 1 55 79 78 14 7 73 99 66 68 85 24 
64 87 29 18 11 2 22 42 87 42 97 88 72 38 13 33 48 31 50 96 59 9 29 17 24 6 21 89 25 38 9 69 81 39 7 29 13 54 85 50 93 49 94 2 8 34 27 72 7 96 
42 72 50 8 19 21 83 27 73 5 44 58 75 44 91 34 52 83 24 86 63 31 1 53 55 26 96 28 51 61 10 80 53 27 91 91 52 9 26 69 34 63 30 21 67 49 17 65 11 25 
8 62 50 24 15 99 70 55 11 21 80 37 69 7 35 66 92 82 49 6 94 24 44 70 59 33 56 93 91 22 5 87 57 98 28 46 20 97 29 74 89 59 64 79 72 69 8 17 63 22 
18 83 77 20 78 54 64 47 3 24 26 63 91 92 92 54 30 49 75 25 93 91 62 71 37 40 88 54 63 67 36 61 19 13 6 85 50 4 40 72 53 65 45 6 26 57 96 46 80 96 
84 93 94 5 59 38 56 79 96 82 29 56 42 40 36 79 94 43 6 32 79 90 35 81 16 77 73 17 78 3 81 23 32 75 32 40 31 86 61 97 53 9 35 21 37 43 33 6 96 86 
35 73 34 7 4 7 52 26 31 69 8 31 31 7 46 78 42 45 30 61 47 70 26 87 14 86 5 39 65 21 44 2 57 20 16 38 31 88 44 39 35 1 88 91 40 32 34 41 65 56 
33 86 28 9 63 0 5 30 31 10 5 97 18 16 96 89 33 18 3 11 60 35 90 20 46 60 45 90 45 70 13 36 10 68 6 7 56 1 79 94 54 26 13 46 43 14 15 87 90 97 
69 33 48 30 4 62 36 60 30 11 9 68 30 38 32 1 2 91 6 4 79 73 10 65 37 19 18 49 12 46 18 38 89 90 33 72 89 53 44 65 3 70 69 39 68 37 24 56 88 66 
96 58 86 20 32 25 76 9 91 42 21 87 9 89 83 21 87 77 24 38 14 62 55 77 6 19 43 2 12 21 92 7 18 44 48 15 79 21 48 51 87 75 79 58 83 46 87 7 88 25 
95 60 20 90 67 56 54 72 46 56 79 0 93 3 9 8 85 89 71 80 27 50 41 2 93 94 57 21 56 3 66 28 88 12 64 35 72 33 20 2 2 48 6 13 61 10 84 64 85 71 
92 12 38 89 1 69 9 88 74 74 67 38 56 98 28 53 9 64 20 9 25 5 7 18 0 28 78 27 3 55 39 40 19 80 93 57 92 26 37 59 39 81 52 83 42 79 7 89 80 65 
83 94 63 13 25 61 97 61 85 95 7 56 44 5 24 56 92 50 85 20 31 16 86 34 91 47 17 47 89 92 96 34 23 72 48 23 91 66 61 81 41 61 43 45 96 29 73 0 50 3 
28 31 41 23 42 10 88 13 88 79 73 20 37 55 14 31 0 97 11 8 17 2 28 45 39 29 99 33 96 84 76 29 13 3 91 3 64 95 98 42 40 45 64 22 15 60 89 70 49 97 
91 24 52 21 40 13 35 16 89 96 48 64 58 43 81 80 7 36 70 62 63 66 63 55 98 72 31 61 0 93 41 49 44 37 82 19 67 63 16 10 42 19 13 80 8 6 47 6 52 96 
71 0 77 56 35 11 87 2 84 23 83 13 32 79 82 0 16 58 43 7 9 15 65 30 72 17 58 81 72 57 57 40 7 11 57 93 71 87 43 68 2 88 98 82 52 77 57 85 93 16 
28 94 91 71 7 12 32 9 92 77 27 5 91 91 83 81 70 32 4 18 14 13 74 49 52 27 15 37 88 55 77 51 68 84 77 46 20 6 62 45 45 41 32 58 94 54 94 13 38 98 
5 39 51 73 47 19 79 17 45 46 0 98 97 41 25 40 99 9 56 43 92 90 74 58 79 88 73 0 64 54 67 30 26 52 75 77 34 20 93 23 40 59 18 28 76 45 53 35 65 26 
70 12 80 26 59 60 77 0 74 83 81 6 87 1 68 92 14 41 5 94 30 30 14 98 39 46 62 67 54 48 28 30 24 92 14 87 60 14 45 64 43 19 26 48 44 63 70 55 60 8 
98 63 84 25 58 14 30 79 3 99 85 0 51 54 80 88 8 52 60 29 43 82 65 81 74 80 70 39 52 41 44 75 72 33 94 41 9 95 26 45 4 77 89 50 78 60 71 60 4 16 
97 88 16 56 28 29 30 46 87 94 14 78 68 33 20 91 23 46 78 89 98 16 0 57 32 3 62 82 96 59 41 61 25 84 15 52 24 18 93 74 69 99 97 98 34 27 25 72 88 51 
57 80 91 61 88 39 60 99 70 11 33 26 52 46 21 80 36 36 45 25 23 76 42 99 24 29 51 28 67 98 57 41 50 52 49 0 91 11 14 53 10 42 53 28 64 15 13 49 24 42 
54 17 40 12 84 49 28 63 63 97 87 0 86 43 38 18 20 12 97 5 46 89 70 37 35 90 97 92 17 3 30 65 52 19 97 54 28 74 83 61 13 54 24 98 50 90 48 56 24 1 
18 5 68 40 87 55 28 55 35 85 0 29 54 1 75 15 37 31 61 10 47 81 55 74 38 88 11 21 16 15 12 97 31 43 8 74 69 52 16 64 59 86 51 87 72 45 63 76 1 13 
89 32 88 12 39 90 57 18 15 17 59 72 45 49 71 68 81 71 6 52 86 44 40 31 78 79 73 59 92 98 87 21 2 20 16 47 22 25 2 20 99 34 4 69 83 68 38 74 56 17 
