50
73 31 4 83 91 22 10 87 64 68 94 79 23 9 57 41 85 77 23 72 28 35 49 17 9 43 67 65 90 91 69 38 4 76 12 91 93 9 20 97 62 28 0 59 42 40 89 94 42 20 
86 46 64 86 71 43 66 74 45 88 49 27 54 4 81 46 57 85 14 50 32 73 43 12 32 83 39 68 89 83 9 87 95 45 12 39 35 48 79 7 30 54 1 40 43 18 12 77 23 72 
83 85 86 20 57 2 39 6 76 24 52 37 35 99 16 90 67 6 21 75 20 92 65 47 58 84 31 29 82 5 62 89 23 70 42 82 96 80 69 72 15 51 36 55 74 77 54 29 82 51 
69 37 1 76 4 73 61 97 95 25 85 62 29 60 18 73 79 9 62 24 74 82 75 15 43 46 32 68 84 61 72 86 66 89 51 4 33 94 76 98 4 33 68 84 17 64 16 14 66 96 
73 48 10 96 41 91 66 89 20 55 48 51 81 71 25 28 73 54 9 30 38 91 39 53 48 67 54 77 90 97 56 73 89 62 36 29 88 39 85 41 67 20 60 47 81 82 6 89 84 3 
60 62 32 92 43 63 23 11 40 92 43 70 19 49 12 76 45 86 56 3 64 98 8 78 38 23 5 11 93 17 43 27 14 90 16 1 39 44 36 12 74 33 40 1 83 35 28 33 37 34 
77 71 22 63 59 40 68 82 48 66 90 27 58 71 6 5 1 34 70 55 7 99 30 75 3 39 94 88 64 73 48 58 80 87 64 13 13 52 70 78 66 4 16 49 77 37 37 59 32 55 
5 26 37 66 14 55 90 46 82 35 93 36 46 38 56 3 14 99 41 25 74 24 44 63 49 76 97 34 47 26 43 44 92 61 69 75 39 96 81 71 68 13 66 30 6 9 90 59 84 46 
59 3 6 91 93 96 83 50 57 35 12 67 69 65 3 73 91 16 49 15 18 43 88 97 11 91 74 63 25 7 70 21 27 58 36 75 21 76 99 19 41 11 12 9 35 63 30 14 36 83 
32 88 39 5 70 40 68 91 28 85 37 20 24 97 54 3 94 62 65 54 0 2 14 29 94 26 63 28 48 79 51 99 3 42 80 16 90 98 58 30 53 51 62 44 49 85 55 72 89 58 
52 29 40 60 46 27 44 22 36 73 54 33 56 51 91 34 31 22 79 2 76 80 69 88 29 85 2 10 27 74 60 99 42 55 93 65 28 72 84 26 98 23 1 87 88 97 52 75 50 78 
55 93 30 6 31 89 65 21 27 64 40 13 89 10 88 63 20 88 21 64 3 54 22 16 54 86 25 24 18 2 20 59 88 82 41 74 0 66 22 54 52 50 16 26 86 2 37 1 1 49 
67 2 65 81 43 10 8 89 58 84 21 6 86 87 71 90 72 18 73 53 81 62 96 13 51 15 4 85 33 64 4 37 53 84 33 72 21 44 70 57 88 29 97 40 23 1 43 76 31 0 
48 13 53 11 93 32 51 14 99 16 12 34 49 52 12 41 9 50 80 69 35 62 65 11 17 11 63 21 6 45 43 50 93 64 42 44 33 36 2 25 59 53 7 6 43 29 51 70 95 28 
41 59 20 15 44 78 58 84 38 83 38 37 35 30 82 15 80 21 25 52 4 46 12 4 45 25 44 49 94 29 32 9 16 29 61 33 30 46 32 83 73 39 80 35 87 70 89 29 60 21 
97 89 63 44 21 5 15 13 34 99 37 15 64 58 11 83 46 43 37 31 55 51 51 90 52 95 20 61 60 67 73 34 33 91 1 78 87 79 0 15 9 72 61 52 70 23 64 37 50 10 
91 78 43 61 21 18 98 83 33 95 9 72 68 3 64 45 49 50 46 42 44 55 59 68 85 1 68 47 6 87 35 9 64 33 51 40 25 24 46 0 38 31 21 17 24 84 15 44 52 19 
70 67 19 74 87 30 45 16 44 99 62 85 15 21 2 41 4 73 33 52 11 29 24 59 83 65 45 50 26 91 97 13 71 86 62 90 84 6 18 22 19 66 18 91 59 66 3 79 98 67 
45 3 30 20 25 34 21 33 35 87 93 27 48 24 92 18 0 44 31 86 95 8 53 97 92 21 19 7 71 22 61 91 52 51 23 65 56 80 61 65 23 0 28 35 53 12 82 76 57 89 
92 99 76 61 42 31 60 0 38 80 20 45 29 68 41 62 34 33 70 82 0 60 64 41 99 36 65 33 29 27 54 28 19 84 10 68 17 97 25 6 10 63 48 90 69 44 99 43 55 64 
37 58 6 11 14 47 93 29 87 80 85 64 34 76 15 18 84 47 48 47 55 32 81 37 27 96 59 24 99 53 1 41 4 29 15 65 50 32 83 19 96 39 78 38 41 3 6 20 70 49 
5 24 78 87 84 29 39 98 73 38 15 2 41 85 63 11 66 27 83 30 65 82 82 31 35 90 12 56 2 48 13 26 97 64 15 93 7 37 18 38 24 70 83 45 28 59 83 21 37 60 
49 23 83 5 47 13 86 84 9 34 0 70 39 57 68 56 85 92 22 33 35 83 27 99 61 90 35 0 79 73 6 85 45 9 36 81 39 99 1 7 95 19 84 27 55 60 33 52 0 3 
88 98 75 69 4 90 43 57 57 19 75 49 90 46 98 67 46 9 80 79 81 7 19 38 25 99 70 14 10 55 32 65 18 20 37 64 9 3 44 50 41 1 44 27 41 10 96 24 83 98 
40 31 70 54 35 3 45 9 14 32 17 30 18 32 13 90 61 32 35 17 45 21 18 5 33 21 46 70 88 94 8 27 35 77 75 5 50 42 54 18 90 24 79 65 54 71 22 44 67 9 
10 72 52 74 77 97 70 41 67 41 17 68 65 21 55 27 14 83 37 32 49 62 82 35 92 35 30 34 20 28 88 24 34 33 3 25 22 82 60 65 30 64 23 22 86 8 38 31 65 26 
62 63 78 19 51 41 15 76 68 21 98 87 31 39 39 52 30 74 81 42 18 0 0 34 6 80 90 23 99 68 85 34 55 44 44 8 0 19 18 49 47 80 99 48 84 19 32 40 88 70 
97 33 40 22 45 40 27 50 82 47 99 50 30 96 4 31 5 51 82 39 67 70 76 43 56 73 16 57 86 66 33 43 72 14 98 71 37 61 9 20 86 27 41 53 23 28 91 97 99 81 
23 10 71 78 93 90 53 34 66 47 13 22 45 74 88 22 77 19 83 66 5 94 46 24 41 89 98 97 66 60 91 73 65 5 6 38 96 18 62 44 26 15 93 23 69 24 18 69 72 70 
61 15 25 29 94 37 95 30 49 0 1 94 61 3 92 59 48 6 13 69 39 55 61 51 10 77 76 39 22 2 24 96 49 23 12 23 14 71 8 20 81 56 98 49 45 97 66 43 48 92 
31 4 95 94 50 49 51 81 98 45 75 45 84 33 0 99 67 97 9 41 31 99 98 74 87 59 62 45 29 59 24 67 66 68 27 94 49 96 42 23 96 17 11 68 48 81 33 74 88 84 
68 68 25 4 44 21 60 11 22 51 0 42 30 25 30 51 20 98 27 80 5 82 25 14 12 4 92 9 38 5 66 66 71 80 64 41 26 86 35 33 51 24 76 92 59 51 96 27 7 87 
27 20 5 27 37 10 83 3 37 83 41 35 21 77 78 80 34 11 29 53 30 8 30 48 32 41 70 16 63 18 15 84 9 74 41 85 8 60 48 85 78 1 71 5 1 96 72 9 31 87 
70 25 84 2 27 46 88 52 97 89 95 98 51 18 73 57 19 73 15 68 83 10 59 25 96 39 83 18 59 18 61 67 3 66 38 26 93 82 76 60 38 57 80 54 78 61 68 21 73 98 
57 58 19 45 1 89 16 56 39 25 25 32 78 21 16 62 87 8 38 30 5 90 99 69 7 53 13 56 85 83 48 93 99 62 6 66 35 19 71 64 99 8 47 14 14 12 7 22 27 92 
20 99 98 71 86 92 52 17 24 88 93 89 88 14 96 68 46 58 37 45 68 97 25 47 21 37 43 7 70 49 46 39 52 12 20 31 76 91 25 45 99 16 74 56 77 72 36 8 96 9 
32 58 88 44 4 30 27 49 19 68 74 1 61 55 66 27 13 62 80 18 28 89 13 41 23 96 31 40 31 35 32 82 82 50 44 52 57 1 68 33 73 94 19 26 83 33 82 12 36 25 
52 12 24 45 96 2 73 58 5 77 58 11 81 50 70 80 53 27 59 16 97 18 18 77 81 65 52 13 71 76 86 74 42 41 9 97 62 48 42 48 92 36 20 17 29 24 81 38 6 61 
50 47 58 39 5 81 68 14 1 16 94 67 45 67 39 63 0 74 44 99 25 80 17 24 49 86 74 57 85 15 58 75 30 82 11 37 70 62 91 28 61 12 96 76 0 58 71 91 48 22 
98 50 58 28 45 42 38 60 73 77 93 95 4 13 32 25 4 95 21 48 68 84 20 91 38 32 19 37 66 32 62 34 31 37 94 2 11 14 42 69 34 47 30 3 41 6 11 97 37 2 
15 63 17 17 99 51 43 38 82 54 87 12 12 22 37 74 91 8 18 51 77 23 52 11 30 89 1 15 87 28 29 21 87 63 27 88 77 14 46 75 82 31 39 19 69 47 62 6 60 52 
5 61 20 80 41 50 39 38 24 51 5 40 89 25 82 4 53 80 30 11 6 58 87 51 27 30 22 47 7 96 14 5 49 6 10 15 35 88 85 34 13 23 76 63 77 26 22 7 29 66 
27 25 0 48 75 30 57 13 96 16 92 5 51 7 30 3 47 52 55 84 35 94 46 90 36 47 5 7 78 58 81 46 99 22 92 13 8 52 41 91 76 24 57 8 46 58 32 63 27 31 
41 79 37 0 37 9 50 54 40 97 27 79 46 39 38 81 98 92 21 97 93 13 6 29 93 51 16 94 38 88 75 71 21 80 83 66 99 56 9 66 68 59 95 84 28 94 32 66 58 66 
63 13 31 86 60 66 49 22 60 83 73 66 6 46 74 8 46 70 20 66 69 78 27 38 84 59 67 78 30 21 91 90 93 44 9 7 40 23 22 47 50 25 62 82 69 40 1 55 5 26 
87 63 79 66 78 45 9 86 6 20 43 6 42 61 83 38 17 95 9 99 97 95 42 52 67 40 3 55 55 52 56 45 62 97 50 89 65 5 27 47 27 3 76 65 75 46 81 3 15 63 
60 16 81 77 33 28 84 3 44 76 74 8 35 2 35 41 86 93 20 14 44 57 12 4 96 91 6 26 16 83 33 11 76 5 65 6 98 18 19 91 24 67 50 34 95 75 75 94 87 65 
62 39 8 60 82 86 95 22 35 48 59 19 38 66 73 50 60 41 93 48 6 18 68 12 65 19 27 71 14 42 50 49 28 61 77 36 25 6 65 83 53 5 26 53 65 45 27 80 31 80 
83 47 23 81 63 44 49 26 40 62 91 29 98 98 78 27 25 60 69 80 23 47 2 65 82 23 55 87 7 9 30 91 11 44 44 75 89 5 56 24 17 56 48 60 80 50 88 66 67 78 
73 43 48 32 76 63 98 35 16 57 80 66 61 91 33 29 85 50 91 93 88 88 86 57 59 27 10 26 90 41 64 66 74 92 48 12 92 16 58 27 59 42 39 63 48 96 50 96 96 78 
