40
78 6 27 13 23 71 27 73 61 73 34 2 87 17 63 53 26 95 95 13 6 70 59 5 96 33 23 52 79 19 26 93 85 65 71 44 7 71 87 99 
19 96 15 52 92 53 57 90 59 57 86 9 65 86 19 59 13 35 28 1 68 69 56 31 78 74 95 43 74 16 24 11 85 22 71 57 95 74 38 83 
58 95 22 83 31 3 32 0 90 80 8 5 2 58 18 57 61 20 28 56 13 32 92 82 67 20 58 74 87 94 83 64 64 14 46 90 25 55 63 67 
92 31 19 80 18 28 48 20 79 91 66 87 8 26 25 59 18 20 35 14 56 47 56 34 60 51 8 78 94 89 24 76 94 90 89 72 19 1 2 44 
23 39 9 27 37 86 16 27 69 23 99 14 15 44 36 69 78 76 58 52 46 37 15 88 16 88 82 74 33 15 56 56 62 16 24 29 42 84 72 49 
96 26 82 2 75 16 65 52 59 55 17 44 54 43 24 99 22 21 33 13 17 93 73 60 75 74 85 1 22 8 95 26 20 91 88 29 72 77 93 8 
54 22 76 37 16 3 90 12 89 53 79 99 22 2 2 69 54 29 34 38 74 26 63 34 72 48 53 3 7 18 33 37 95 79 61 44 59 61 7 76 
72 45 92 72 28 96 11 35 35 29 16 32 56 58 49 20 96 24 20 26 6 83 45 74 91 88 38 64 4 77 53 42 4 23 52 25 11 42 24 49 
35 90 46 28 55 4 41 9 81 79 2 83 92 32 12 99 61 47 5 90 69 59 28 39 28 80 71 78 40 56 48 44 45 25 10 98 16 80 15 64 
26 72 79 93 82 5 36 33 5 87 32 38 65 64 18 99 32 8 96 38 78 38 45 59 69 44 62 69 49 18 67 58 43 61 3 90 86 26 3 4 
0 68 23 47 96 66 30 65 52 0 17 73 86 68 97 79 24 28 60 58 25 67 12 34 52 69 62 70 11 35 90 11 64 50 60 45 67 54 87 17 
65 42 88 73 15 79 37 88 69 86 30 9 40 21 19 81 26 20 11 54 93 84 57 99 36 29 50 57 5 65 34 49 94 92 70 19 17 13 53 17 
77 60 5 53 91 62 76 54 72 34 16 50 93 45 52 47 21 61 44 59 66 85 39 18 7 68 54 50 32 99 20 35 98 92 16 82 29 16 59 58 
83 99 35 57 70 71 42 80 77 6 95 86 3 52 18 35 85 28 78 60 1 49 64 85 26 57 37 41 38 93 96 33 93 68 73 35 9 96 81 61 
39 84 23 99 31 49 42 6 50 87 40 69 23 88 67 83 0 58 6 38 63 20 66 58 85 23 29 98 56 70 75 96 83 88 19 46 90 75 69 19 
41 97 45 54 58 58 94 91 41 37 0 32 75 36 38 58 80 85 13 84 53 27 85 26 70 36 81 70 49 48 77 99 35 73 37 51 31 17 33 71 
76 29 31 44 42 67 0 28 16 34 99 57 40 81 23 41 31 49 39 99 75 99 63 45 26 1 24 83 89 35 24 95 45 70 83 17 92 52 24 73 
40 55 68 70 43 30 56 65 14 80 58 58 24 8 11 67 17 28 90 99 80 70 90 12 0 64 75 84 82 11 6 68 44 26 36 66 92 88 38 65 
12 47 46 59 52 71 56 10 57 66 50 70 45 25 48 74 74 43 29 36 63 16 58 34 1 61 55 15 74 82 39 82 24 0 75 37 76 0 24 64 
37 95 25 29 51 88 94 44 6 75 71 90 84 19 79 95 58 7 45 74 38 56 20 32 66 22 57 53 71 55 89 25 29 28 39 27 94 90 48 54 
17 92 30 18 48 56 90 82 43 39 1 93 27 69 93 33 31 92 35 26 42 80 16 61 17 7 20 45 66 21 82 82 6 91 70 15 95 43 63 71 
92 35 17 12 81 67 21 52 22 28 30 29 24 99 53 51 94 41 64 83 20 44 88 77 13 2 58 2 53 49 58 75 90 38 23 95 1 5 58 23 
87 41 26 30 9 20 35 43 31 74 2 0 71 75 9 30 94 22 36 90 15 52 54 82 33 88 55 60 45 23 42 59 87 43 47 84 89 68 88 98 
80 79 7 13 60 47 46 71 82 44 42 48 36 53 49 88 23 25 51 90 39 46 62 75 24 78 85 3 81 77 50 48 70 94 16 29 26 38 15 72 
52 62 21 67 28 65 29 59 82 89 86 19 35 40 66 32 85 22 3 61 96 41 50 32 72 61 70 13 65 45 20 10 28 70 21 96 4 14 99 10 
69 52 35 71 44 30 82 61 95 51 66 83 10 58 72 95 6 14 52 84 5 12 21 41 75 90 25 11 67 82 83 87 93 50 79 68 74 84 29 35 
60 5 11 92 24 50 16 60 1 59 9 23 67 0 25 56 40 48 55 7 49 91 60 82 36 19 70 79 25 19 9 1 31 24 7 25 1 83 69 88 
64 63 24 34 70 51 97 24 11 67 65 40 79 55 28 61 32 27 60 39 66 37 48 48 4 48 65 21 33 75 41 14 47 62 54 76 54 58 21 84 
88 66 16 56 80 29 37 29 89 43 4 1 84 20 87 36 52 82 28 66 72 93 58 79 83 87 23 97 96 94 1 53 20 3 72 20 32 53 24 33 
57 65 32 80 67 66 90 68 26 28 79 44 3 49 33 3 10 40 27 10 27 82 93 87 63 61 65 99 51 18 81 58 3 58 38 78 64 57 72 21 
22 56 67 60 98 43 34 41 19 52 62 11 11 93 5 81 51 60 98 71 42 94 84 35 0 55 55 23 50 88 39 10 17 32 48 10 95 19 48 89 
71 51 95 23 37 49 0 7 34 84 77 12 41 4 96 62 37 51 51 32 65 38 45 28 94 26 78 45 28 5 49 57 12 1 99 27 92 53 95 42 
67 49 76 55 42 48 3 15 47 73 65 49 37 69 31 70 53 68 52 78 56 81 95 86 29 31 78 59 52 89 58 38 54 72 8 56 71 47 3 11 
74 19 7 5 99 88 61 45 35 92 32 76 67 3 67 99 54 67 12 14 29 93 77 54 12 31 89 26 47 99 89 74 36 12 87 57 3 91 82 29 
27 61 52 96 46 83 97 54 32 2 45 76 24 81 95 23 32 43 2 69 82 89 37 99 35 79 54 52 99 50 32 45 93 71 49 90 4 77 5 19 
50 28 28 22 68 85 74 84 51 84 37 15 89 81 74 59 50 46 60 27 33 21 61 18 46 50 63 61 46 58 94 71 45 2 46 20 54 53 60 86 
19 35 16 13 35 92 18 65 70 36 25 46 44 12 82 15 5 26 1 73 6 80 93 90 91 14 23 57 0 49 22 85 62 2 68 74 52 48 35 38 
62 37 72 92 0 43 19 81 70 91 45 84 14 85 79 99 82 86 19 50 93 85 16 8 88 99 25 96 69 31 14 2 70 37 98 77 98 51 88 63 
53 5 41 67 62 55 81 95 18 72 94 70 38 21 45 23 43 65 18 35 37 99 99 92 54 24 31 66 29 22 56 18 75 92 10 61 32 28 22 49 
77 26 48 78 77 38 75 44 25 39 21 40 40 66 81 48 47 51 7 51 10 57 77 9 3 76 40 23 74 54 69 6 85 99 48 30 73 58 16 84 
