40
23 29 89 66 87 56 32 70 39 66 22 83 60 53 5 91 59 86 87 29 42 17 45 56 88 52 54 66 33 60 19 31 38 67 76 98 14 20 53 7 
69 16 22 42 7 63 60 47 93 30 17 43 76 14 26 17 34 20 71 92 64 54 66 93 64 75 0 12 0 51 76 79 43 77 89 61 85 72 34 44 
61 63 4 46 88 8 57 30 23 64 74 46 37 81 18 11 92 91 32 23 61 91 61 30 98 69 91 0 79 17 17 14 95 41 36 67 28 53 9 73 
81 3 69 16 83 67 85 2 30 57 81 67 10 66 87 71 77 45 64 38 71 47 15 92 11 57 5 53 71 80 40 30 75 20 90 77 98 86 4 89 
31 44 88 10 18 19 59 27 9 19 79 16 0 96 53 58 30 93 6 49 54 72 60 94 54 33 46 29 71 28 59 41 21 88 66 33 85 70 29 61 
60 8 82 62 6 78 79 97 87 38 69 83 40 95 66 33 9 57 17 34 53 35 58 93 43 93 66 51 40 94 37 74 12 97 51 95 17 92 92 37 
30 13 96 10 89 28 9 86 44 40 82 69 20 93 92 62 14 27 7 94 5 13 11 13 93 64 3 95 62 81 46 9 48 68 24 11 54 35 27 33 
40 62 27 77 17 40 42 0 0 58 76 54 35 30 31 95 37 23 22 27 29 11 11 54 80 53 93 21 85 28 43 0 55 71 70 52 75 31 40 34 
40 86 34 48 39 65 96 12 62 52 31 87 64 57 48 56 70 50 82 1 93 99 32 44 31 75 4 50 26 66 38 1 23 43 41 80 95 18 59 63 
28 29 88 54 13 79 69 66 79 77 37 2 15 92 23 72 48 23 53 48 95 97 8 8 11 93 65 81 2 10 28 56 5 65 23 69 15 53 5 84 
78 45 40 33 85 0 68 94 33 85 48 81 32 56 10 72 82 1 6 35 60 71 27 37 43 68 33 95 71 3 42 11 79 34 12 93 30 61 34 58 
26 6 91 43 88 27 19 84 24 93 35 24 94 82 67 27 5 46 86 89 40 37 50 59 78 56 77 3 42 0 11 25 43 95 16 15 4 6 68 41 
35 98 25 13 23 12 18 57 96 39 86 94 46 43 22 11 80 55 58 47 70 90 73 27 13 54 96 72 50 41 41 46 25 13 24 29 95 3 94 93 
67 87 40 79 41 25 34 60 0 7 21 92 93 17 17 3 43 93 39 11 25 28 78 48 50 92 44 54 23 53 36 47 46 26 61 4 38 71 86 5 
99 56 28 67 51 19 91 66 17 46 93 87 21 12 67 99 44 97 1 28 42 4 68 68 41 96 62 20 44 18 25 19 84 74 84 59 49 14 95 3 
32 51 37 14 63 51 19 90 17 83 18 84 52 86 69 48 37 97 24 68 27 48 93 82 71 69 93 77 14 4 84 43 95 11 93 92 98 90 99 90 
93 74 49 74 14 73 69 18 65 33 38 11 52 63 8 49 88 45 31 20 6 71 68 21 58 57 47 82 38 22 23 6 6 89 56 45 51 23 18 50 
97 36 91 6 10 13 51 80 44 43 41 45 78 49 5 14 85 27 24 4 56 17 27 55 2 86 68 98 79 11 89 58 90 75 10 32 89 96 50 12 
22 29 72 36 77 53 76 70 85 52 51 97 51 1 35 93 72 16 16 28 11 25 38 96 39 44 56 26 2 58 88 21 86 8 77 28 79 47 49 80 
45 28 62 26 19 77 91 47 85 31 6 84 54 69 9 56 21 45 65 16 60 97 35 90 77 49 5 86 88 75 43 77 30 87 55 82 53 0 54 89 
88 15 8 10 40 99 97 7 54 4 37 85 99 92 13 12 82 83 51 29 37 33 0 64 83 57 68 10 68 8 41 32 37 84 99 1 69 83 56 92 
40 87 12 10 20 35 63 15 97 77 74 34 53 33 78 86 24 34 75 49 12 84 24 92 4 22 55 13 62 73 84 60 22 53 97 22 50 37 17 6 
31 97 5 36 57 99 90 98 85 47 84 92 25 96 55 28 38 42 28 95 42 37 6 67 53 93 5 46 9 24 54 65 39 6 9 92 99 75 36 61 
47 18 13 27 12 96 9 41 30 90 34 15 86 23 66 44 36 37 16 93 49 71 44 77 85 0 90 85 25 18 68 6 29 8 41 25 36 80 16 70 
84 47 28 36 4 0 23 64 11 40 50 4 83 66 41 70 45 6 88 56 7 66 57 78 99 74 55 91 90 32 58 96 17 90 67 7 34 46 62 2 
39 26 95 6 14 50 86 79 76 22 79 1 12 76 64 57 70 38 12 44 61 80 0 43 56 61 47 39 8 90 52 79 18 19 7 84 47 77 75 13 
9 71 42 39 36 21 1 34 29 58 36 69 97 4 98 2 5 38 32 65 16 81 79 23 27 71 13 82 40 16 88 19 89 13 59 51 71 83 64 38 
12 84 59 1 74 33 59 14 49 95 22 41 16 77 52 65 91 38 10 67 55 87 24 22 39 41 48 4 34 68 41 72 68 74 76 37 33 41 45 18 
15 74 52 46 56 24 66 81 44 40 34 96 76 27 5 18 91 41 65 91 71 59 0 17 16 43 24 64 5 57 2 66 75 46 32 89 46 45 3 52 
1 26 53 84 49 50 5 46 25 70 36 95 93 23 32 56 96 10 76 92 50 90 95 52 50 15 36 61 60 84 29 34 50 82 6 36 84 90 17 82 
66 16 88 25 1 10 50 82 21 93 38 54 93 95 80 38 67 20 45 83 65 96 33 90 32 89 39 83 17 29 53 79 13 0 52 45 61 51 18 63 
13 7 54 76 17 11 29 64 66 31 42 98 22 55 87 57 58 64 62 10 46 65 80 65 46 40 97 42 64 94 84 70 15 0 6 6 2 96 33 11 
67 15 45 75 54 48 19 79 88 21 92 97 97 9 52 71 58 22 59 97 99 99 20 20 36 84 12 15 53 85 41 99 67 8 44 69 81 79 8 7 
59 6 49 75 26 24 7 74 84 28 46 45 81 14 49 68 38 7 93 4 5 97 17 55 41 43 33 97 79 36 55 33 54 30 52 4 79 88 70 54 
72 76 1 15 86 31 80 75 60 14 38 57 90 38 81 47 42 18 70 31 61 19 81 90 33 72 63 2 2 28 21 98 47 45 6 22 86 94 77 44 
83 47 40 85 64 23 37 53 68 30 55 66 58 12 56 18 1 42 76 6 2 84 23 70 12 50 75 11 50 95 88 20 1 83 98 92 48 84 45 87 
62 43 58 59 71 16 72 32 41 83 88 15 76 16 98 39 83 5 97 46 69 75 17 87 20 30 42 35 89 73 80 73 77 86 81 85 22 45 79 85 
13 35 35 83 86 96 48 85 52 21 60 82 36 88 19 36 92 65 78 98 96 86 11 76 47 21 2 45 2 64 39 72 57 70 20 54 59 80 98 91 
60 10 91 67 33 75 36 99 75 90 76 56 72 3 86 67 15 42 95 66 56 86 37 98 26 64 85 65 8 40 60 14 54 12 52 38 6 25 30 49 
79 79 13 38 17 21 45 91 69 39 8 65 62 73 81 70 47 53 8 8 15 29 66 89 63 71 41 59 31 72 14 66 88 70 68 99 55 50 44 36 
