30
61 81 52 53 33 29 87 42 53 83 20 14 18 44 63 29 52 64 69 70 5 47 94 87 26 76 23 40 79 90 
88 10 71 45 21 70 83 89 55 78 79 6 62 35 87 96 33 88 35 79 93 90 62 65 1 5 7 67 69 34 
71 57 98 45 97 18 38 44 72 63 28 64 1 23 90 4 1 27 97 92 71 63 1 63 21 65 21 45 10 95 
41 22 12 51 15 55 93 38 79 82 8 54 22 7 45 38 44 90 39 54 4 23 25 78 24 81 30 33 23 94 
30 46 87 45 5 16 50 89 38 63 35 97 9 30 24 8 37 74 20 72 93 55 34 61 56 6 84 75 82 19 
41 32 84 79 79 83 67 36 25 18 37 28 19 77 37 91 56 95 60 1 93 32 36 80 75 7 84 74 19 90 
76 41 51 29 90 74 72 91 89 87 90 39 93 53 63 81 3 5 76 79 95 39 68 98 83 39 15 21 93 26 
22 38 28 81 99 78 91 23 43 34 43 49 2 7 2 41 87 46 91 37 13 0 16 90 62 35 26 10 77 82 
60 89 5 74 63 22 95 66 60 38 88 11 45 67 25 67 89 42 63 47 2 17 99 23 26 3 48 51 70 36 
58 67 56 5 31 62 19 75 56 31 95 44 91 3 88 15 50 19 72 91 83 33 75 42 69 0 54 78 85 57 
33 93 90 3 50 33 22 71 11 90 38 41 58 47 52 58 79 2 83 90 2 68 22 95 35 8 61 42 94 99 
88 78 42 57 41 47 69 45 80 13 64 10 61 85 73 4 62 3 2 69 54 29 52 74 49 30 44 44 49 18 
65 63 52 73 70 31 47 11 69 98 98 3 52 79 53 43 22 88 63 34 50 22 40 11 92 51 80 77 16 76 
78 20 15 48 98 79 35 57 83 62 2 62 20 70 22 73 41 86 88 17 17 92 98 67 49 65 89 32 19 81 
3 30 28 31 89 52 30 72 64 7 95 28 81 90 10 77 71 36 59 43 40 33 37 93 30 74 93 82 3 61 
90 62 7 97 51 23 90 17 40 3 66 83 61 59 45 86 51 65 1 40 9 97 83 50 58 21 75 81 87 71 
87 99 4 79 38 0 30 61 18 5 40 28 59 22 98 60 98 35 81 14 67 93 96 61 46 38 70 38 76 55 
17 71 60 52 58 33 55 65 26 1 34 59 93 48 73 92 93 33 37 3 90 11 94 68 27 98 89 48 79 47 
49 31 69 75 98 49 36 99 23 43 31 54 61 34 85 67 16 93 4 66 53 8 23 84 92 67 48 69 30 11 
14 90 27 43 4 99 74 95 6 58 89 58 9 89 47 40 18 64 75 26 89 3 66 12 40 70 76 95 41 86 
51 9 87 83 85 90 50 86 55 81 28 2 77 62 24 65 72 32 85 28 46 89 78 83 25 65 60 45 78 21 
55 20 27 73 34 51 75 36 34 1 37 10 74 90 56 71 80 35 45 82 25 18 73 12 37 98 5 62 17 92 
39 47 46 3 31 15 39 58 29 45 94 99 45 72 75 62 72 73 80 38 97 42 8 3 77 25 34 1 78 82 
69 36 78 39 38 21 26 63 77 75 24 81 0 61 62 2 48 95 84 16 37 7 93 84 44 59 21 58 43 68 
77 19 57 41 91 64 23 15 72 29 41 15 15 36 57 59 0 52 93 41 29 48 27 98 24 24 74 33 85 38 
70 62 29 84 9 78 23 85 0 24 93 5 12 65 67 7 77 84 4 90 34 91 21 85 34 90 42 98 86 18 
21 24 97 76 54 69 8 27 93 68 66 2 38 0 19 18 90 84 39 56 8 32 78 14 87 39 74 20 27 54 
88 41 98 42 2 21 4 46 56 9 33 8 61 33 86 4 85 42 42 60 61 20 43 78 87 13 63 91 34 15 
56 61 12 11 59 51 38 70 24 7 7 84 51 1 89 58 41 90 13 12 55 60 93 72 2 76 43 73 66 51 
75 28 32 61 69 3 29 7 92 51 53 92 70 19 72 7 94 5 40 83 62 9 7 38 60 71 71 54 47 14 
